1.0
718
200.842  589.853  0.00191453  0.00074554  0.00077932
158.558  607.654  0.000553298  -0.000604763  0.00229864
145.445  609.673  0.000297197  -0.000206803  0.00157315
292.156  589.664  0.00129862  0.000737267  0.00607758
302.986  585.943  0.000662377  0.000445329  0.00391766
315.231  581.129  0.000379407  0.000272306  0.00244731
283.33  567.378  0.0011258  0.000590983  0.000987953
273.847  569.951  0.00200672  0.000598062  0.0008489
235.529  595.792  0.00167609  -4.7032e-05  0.000725893
432.647  591.041  0.00356184  -0.0024923  0.00538959
410.332  572.439  0.00160119  -0.00122362  0.00161277
421.968  590.093  0.00130392  -0.000753493  0.00321986
403.502  572.584  0.000931791  -0.000684424  0.00115545
422.483  583.756  0.0041362  -0.00281402  0.00345374
452.843  582.677  0.00987893  -0.000875319  0.00173911
446.393  573  0.0038335  -0.000325943  0.000792163
370.561  570.323  0.0018482  -0.000487469  0.00394595
369.254  552.895  0.00060948  -0.000271874  0.00112254
374.673  548.923  0.000419711  -0.000116937  0.00088606
195.167  587.457  0.00196277  -0.00106367  0.00242065
221.147  576.651  0.00358485  -0.00227516  0.00397646
225.599  607.963  0.00530927  -0.00271946  0.00388226
50.4738  568.31  0.00410114  0.00279451  0.00510703
58.092  558.658  0.00367864  0.00256629  0.00301381
505.524  580.281  0.002368  0.00112416  0.0071244
130.617  607.591  0.00181722  -0.00076686  0.00089476
249.61  568.944  0.00321369  -0.00158453  0.00251279
249.339  594.422  0.00297367  0.000156113  0.00049641
273.444  595.762  0.00253463  -0.000597015  0.00116893
273.128  598.833  0.00202135  -0.000549242  0.000903851
265.391  578.344  0.00337577  -0.00241176  0.00346223
300.514  548.518  0.00094645  -0.00101159  0.00624823
264.448  521.819  0.00377814  0.000181018  0.000560362
480.119  542.004  0.000827124  0.00038569  0.0045605
467.423  516.641  0.000585971  -0.00026724  0.000680972
239.716  510.232  0.0010074  8.2015e-05  0.000442682
226.105  519.352  0.00140007  0.000145507  0.00078088
355.688  538.79  0.00218606  -0.000999546  0.01004
374.518  539.946  0.00139563  -0.00177949  0.00746885
376.925  540.729  0.00165289  -0.00113133  0.00764301
232.571  518.621  0.00166512  6.82824e-05  0.000838549
237.586  513.946  0.00186907  3.31807e-05  0.000596528
365.692  544.391  0.00154402  0.0010942  0.0012872
310.588  549.205  0.00116636  -0.00102167  0.00162248
234.949  511.79  0.000423371  -3.37816e-05  0.00051612
185.224  510.789  0.00113442  4.86833e-05  0.000708792
171.864  503.214  0.0019595  1.2452e-05  0.000450673
177.617  500.466  0.000686018  -7.39033e-05  0.000414454
186.553  509.457  0.00090438  -0.000141017  0.000537091
233.571  518.604  0.00155491  -0.000101733  0.00159875
228.954  553.482  0.0037695  -0.000541962  0.00439611
423.412  528.621  0.00480918  0.00512044  0.00987985
418.418  527.689  0.00271815  0.0026318  0.00507796
473.206  486.755  0.0013186  0.00078829  0.00127776
461.176  489.465  0.00309328  0.000893691  0.00102124
320.414  514.53  0.000434892  -0.000158821  0.000695477
220.3  567.236  0.00344514  7.02428e-05  0.000580436
414.493  495.097  0.00103689  -0.000191007  0.00101782
413.591  507.218  0.00105505  -0.000614721  0.00327388
434.978  504.174  0.0139724  0.00163846  0.00181184
433.204  500.038  0.00812112  0.000907359  0.0012862
431.315  498.442  0.00551946  0.000566028  0.00113684
428.011  480.019  0.0024853  0.000270935  0.000428585
418.717  514.014  0.00186124  -0.00136562  0.00845538
185.149  534.245  0.00141228  0.000404142  0.00779119
373.324  522.1  0.00112868  -0.000375398  0.00299572
381.292  529.666  0.0023167  -8.21671e-06  0.00158013
385.885  531.313  0.00415686  0.000210516  0.00148518
177.36  525.595  0.000764333  -6.41296e-05  0.00119878
229.695  534.547  0.00239027  -0.00103848  0.0026679
302.17  535.89  0.000718623  -0.000117051  0.00114295
310.606  541.258  0.000451217  -0.000123612  0.000902237
459.553  495.66  0.00906905  -0.00112199  0.00150969
449.7  489.562  0.00292258  -0.000275747  0.000526179
453.584  506.484  0.00391179  0.000751744  0.0012223
444.248  516.311  0.00230978  0.000920208  0.00094188
388.712  468.546  0.00202297  0.000127851  0.000516283
378.848  474.849  0.000956036  -2.90147e-05  0.000780397
370.743  465.857  0.000556876  -2.56159e-05  0.000506841
386.476  521.247  0.00220083  -0.00139652  0.00470557
382.294  522.03  0.00147727  -0.00103433  0.0037808
393.092  525.908  0.00391928  -0.00167552  0.00317149
379.073  533.476  0.000862331  -0.000445157  0.00118886
181.931  494.134  0.00634232  -0.000539426  0.0035857
153.072  483.32  0.000509795  -0.000109726  0.00137803
581.137  485.578  0.0102224  -0.000630745  0.00134101
527.229  515.047  0.00376664  -0.000954021  0.00317722
520.853  504.981  0.00421682  -0.00180753  0.00189527
518.317  515.708  0.00119488  0.000567491  0.00175576
517.86  522.761  0.00140897  0.00133087  0.00384996
181.118  464.6  0.00158326  -0.000777624  0.000922911
208.067  472.744  0.00263141  0.000753148  0.0010911
222.773  466.537  0.000881949  0.000219972  0.000602881
231.697  467.706  0.0005173  0.000100289  0.0005636
236.065  467.983  0.000408398  -8.59461e-05  0.00050231
544.556  502.161  0.00178374  -0.00062987  0.00357588
323.267  494.435  0.00135051  0.000688793  0.00270788
328.799  499.248  0.00310553  0.00331271  0.0064964
318.447  490.761  0.000956207  0.000110041  0.00185839
312.319  487.978  0.0007254  -8.57606e-05  0.00138343
178.406  458.403  0.00167662  -0.00103989  0.00148222
166.94  448.502  0.000972266  -0.000619688  0.000924294
201.448  470.482  0.0080736  0.00205527  0.00272186
235.966  470.521  0.00046805  -0.000115218  0.000887848
227.941  463.249  0.000729043  4.02021e-05  0.000698667
262.107  482.252  0.000344652  -0.000108601  0.0013258
235.19  468.286  0.00281529  0.00221419  0.00288949
252.593  472.32  0.000607033  0.000280797  0.00112646
402.798  468.161  0.00118181  -0.0011508  0.00308471
503.703  472.288  0.00181915  -0.00200111  0.00537809
502.464  467.982  0.00419194  -0.00143204  0.00229078
490.158  471.742  0.00105735  -0.000225978  0.00243382
232.454  473.927  0.00341628  0.0013301  0.00192186
238.103  475.909  0.00201039  0.000588123  0.00104542
162.319  488.872  0.0039941  0.000298516  0.00409614
155.472  485.512  0.000815731  0.00035183  0.00266851
216.545  507.164  0.00355658  -0.00286039  0.00378885
301.368  444.809  0.000728601  -0.000165281  0.000887807
299.936  451.646  0.000738946  -0.00033331  0.00153862
111.126  430.87  0.00147752  -0.000468241  0.000571766
102.927  429.876  0.000961869  -0.000479666  0.000694239
312.558  460.741  0.00187362  -0.00129432  0.0108429
299.819  437.277  0.000607885  -6.21196e-05  0.000860896
474.729  458.529  0.00162468  0.00121678  0.00212122
193.022  467.388  0.00196686  -0.00139583  0.00809613
296.549  485.547  0.000639046  -4.88145e-05  0.000768285
284.559  489.458  0.0003643  -4.42895e-05  0.000557969
419.601  499.433  0.00239356  0.0018982  0.0038485
429.344  496.518  0.00265271  0.000250144  0.00315976
422.85  507.33  0.00117429  0.000419546  0.00158292
285.726  474.864  0.00229688  0.000433461  0.00167334
293.549  467.906  0.00142792  -0.000211641  0.00368338
308.549  469.738  0.000610116  -0.000531736  0.00399823
194.003  463.198  0.00346839  -0.00259061  0.00539871
371.362  480.199  0.00247152  -0.00169215  0.00206195
219.865  442.673  0.00245546  -0.00237266  0.00488757
203.183  452.026  0.000664705  -0.000424198  0.000868317
389.149  430.178  0.00057502  0.000391974  0.00240276
391.183  424.817  0.000454587  0.000358145  0.00165207
379.44  432.863  0.00487476  -0.000853257  0.00252074
378.319  426.314  0.00523929  -0.000712202  0.00139125
402.193  431.666  0.00152605  0.0012612  0.00420594
401.71  428.237  0.00106745  0.000865847  0.00299687
405.361  433.712  0.00592422  0.00168232  0.00411402
401.087  433.559  0.00369018  0.00111501  0.00261847
575.973  430.934  0.00392887  0.00196024  0.00580529
569.601  460.298  0.00435949  0.00054855  0.00395686
206.416  455.887  0.000866989  -0.000318121  0.000751884
219.069  440.458  0.00382489  -0.0031766  0.00667677
218.721  470.862  0.00243569  -0.000176591  0.000458669
380.344  428.423  0.00406729  -0.000927089  0.00253839
490.968  441.476  0.00456012  -0.00124534  0.00329586
429.209  455.486  0.00684095  0.00442028  0.00472335
289.399  416.891  0.0022999  -0.00263987  0.00549503
319.707  424.62  0.000915644  -0.000311602  0.00697035
310.959  420.915  0.00184088  -0.000149453  0.00406549
311.761  408.906  0.00174806  -1.27879e-05  0.0011675
308.935  400.598  0.00237721  2.63225e-05  0.000676054
359.585  421.022  0.00379821  -0.000490129  0.0055958
359.874  414.23  0.00344034  4.05043e-05  0.00228707
348.883  413.674  0.00316686  -0.000737733  0.00261343
331.347  417.698  0.00254345  -0.00191246  0.00743371
313.456  386.374  0.00108288  -0.000400118  0.000615041
485.952  445.263  0.00348167  0.00378491  0.00922996
573.949  441.817  0.00621316  -0.00359037  0.00564875
556.376  394.471  0.00251696  -0.001155  0.00125427
495.281  435.769  0.00719112  -0.000265824  0.00217865
495.935  441.476  0.00674581  -0.000553083  0.00134788
229.029  419.982  0.0022532  -0.00280874  0.00753465
221.832  412.276  0.00281022  -0.00124208  0.00339099
229.573  413.908  0.00155824  -0.00106854  0.00288924
245.348  412.463  0.000642174  -0.000512184  0.0013815
362.379  413.41  0.0047982  0.000230362  0.00317284
349.118  473.796  0.00170713  -0.000207042  0.000386559
333.584  407.394  0.00459981  -0.00159679  0.0026669
328.482  412.65  0.00208178  -0.00115686  0.00503625
486.257  401.604  0.00624553  -0.00177337  0.00370553
479.303  407.342  0.00230785  0.000573825  0.00380034
464.503  406.979  0.000891344  0.000401391  0.00182334
464.078  392.137  0.0034471  -0.00115212  0.0011649
468.647  414.979  0.00284545  0.00147452  0.00589491
461.362  398.106  0.00199732  -0.000457331  0.00110255
458.839  409.802  0.00130466  0.000303342  0.00194475
440.508  391.424  0.000586937  -7.35472e-05  0.000447751
448.896  417.462  0.000896153  0.000857645  0.0026564
242.818  451.49  0.00266614  -1.4824e-05  0.00127071
484.868  396  0.00768038  -0.00260477  0.00383925
480.495  402.029  0.00311155  0.000244456  0.00428081
460.834  408.77  0.000979706  0.00105311  0.00339474
441.934  387.692  0.000384207  6.70658e-06  0.000479352
455.671  398.873  0.00127585  -5.56396e-05  0.00124177
444.387  389.314  0.000755939  -0.00010597  0.000578574
447.22  390.245  0.000978161  -1.29086e-06  0.000740098
303.642  396.894  0.00479566  9.81559e-05  0.000643455
254.852  391.798  0.00138656  -0.00120728  0.00190425
326.926  428.285  0.000646209  -0.000520211  0.00420019
314.638  423.851  0.0013593  -0.000332731  0.00286993
326.367  399.156  0.00440909  -0.00428456  0.00670165
299.585  409.754  0.00645198  0.00176705  0.00213096
303.392  407.013  0.0039692  0.00107842  0.00158306
306.224  412.938  0.00259046  0.00015403  0.000940885
234.81  413.986  0.000816609  0.000167481  0.00145932
244.521  419.493  0.000474861  0.000101544  0.000887074
209.475  417.117  0.00599944  0.000632596  0.00144961
197.816  434.476  0.00167005  0.000187426  0.000509268
383.236  376.16  0.00453496  0.0022182  0.00469067
510.629  393.294  0.00113912  0.00061489  0.00312583
248.899  397.28  0.00530257  -0.000432063  0.00163008
259.393  397.552  0.00154538  -0.000250217  0.00173854
267.348  399.912  0.000858854  -0.000192177  0.00150614
220.025  419.29  0.00151725  -1.14828e-05  0.000357277
371.89  382.537  0.00298096  0.00090932  0.00701833
488.267  358.683  0.00614227  -0.00333852  0.00401558
477.473  349.814  0.0030271  -0.0017133  0.00187059
466.549  340.015  0.00187995  -0.00109671  0.00110959
499.474  365.974  0.0039808  0.00178973  0.00591715
321.066  412.556  0.000366292  6.8613e-05  0.000365291
298.545  409.327  0.00209965  -0.000403861  0.000835404
468.654  346.956  0.00603485  0.000681009  0.000857135
409.295  346.114  0.00588156  -0.00412311  0.00461827
401.07  345.847  0.00204565  -0.00144218  0.00271148
297.458  377.058  0.00122598  4.20077e-06  0.00463733
542.682  365.576  0.00311609  -0.000549056  0.00365886
496.814  376.412  0.00733767  -0.000954047  0.00211808
490.822  372.494  0.00265263  -0.000901179  0.0025826
344.756  362.464  0.00276084  0.000784759  0.00696555
373.083  331.421  0.00153415  0.000744394  0.00301501
366.893  319.454  0.00385879  0.000966939  0.00110312
375.028  318.124  0.00162001  0.00047922  0.000987595
387.965  311.645  0.000706612  0.000248553  0.000713688
320.44  335.603  0.000546827  0.000133073  0.00206634
328.683  353.058  0.000738222  -4.62453e-05  0.00189263
488.72  376.34  0.000951101  0.000568533  0.00119868
553.895  365.172  0.000935154  0.000390036  0.00202641
344.767  336.007  0.00052854  0.000111339  0.00204076
345.918  349.799  0.000611285  -0.000237327  0.00274123
353.591  352.073  0.000433659  -0.000166987  0.00212015
361.019  355.866  0.000335497  -0.000130392  0.00148692
336.577  333.546  0.000969083  0.000592749  0.00313243
341.366  335.803  0.000957787  0.000118891  0.00184976
323.982  335.561  0.00128118  0.000492397  0.00144348
451.256  317.624  0.0045121  7.61543e-05  0.00155847
538.733  332.381  0.000697107  0.000790093  0.00257112
265.78  344.362  0.00167876  -0.0021119  0.00737131
530.404  338.763  0.00412743  0.000432838  0.00472355
526.526  340.565  0.00268611  -0.000157452  0.00616864
385.74  295.441  0.000547087  -8.04622e-05  0.000567246
393.749  315.909  0.00155231  -7.38881e-05  0.0028221
383.065  313.191  0.00448305  -0.00126515  0.00219866
387.985  313.193  0.00241464  -0.000522864  0.00208148
392.878  298.853  0.00101303  -0.000235422  0.000782371
337.499  346.245  0.00142015  -0.000235356  0.00426359
334.557  334.716  0.00180015  0.000670339  0.00328553
323.842  347.356  0.00152603  0.000360067  0.00372753
325.202  337.076  0.0016838  0.0012158  0.00313435
493.765  306.523  0.00445123  0.000176034  0.0013997
479.925  297.579  0.00492649  -0.00144486  0.00114196
481.417  306.886  0.00401077  -0.00109032  0.00166756
475.91  300.832  0.00252911  -0.000689116  0.00103794
459.058  309.318  0.000585768  -3.245e-05  0.00133169
448.839  315.74  0.000348719  0.000131955  0.00209105
486.155  288.887  0.00132747  -8.55058e-05  0.000455235
450.855  318.697  0.00439967  0.000947686  0.0049435
456.058  333.645  0.00154786  0.000655744  0.00195679
472.395  330.251  0.0125723  0.000587853  0.00161281
456.24  346.753  0.00143686  0.000242406  0.000712429
494.203  346.068  0.00494723  -0.000627694  0.00142093
479.492  368.053  0.00092252  0.000175813  0.000572865
487.566  378.976  0.000998449  -8.32332e-05  0.000332451
483.833  312.36  0.00515013  0.00243562  0.00468831
480.503  309.546  0.00332277  0.00104645  0.00246845
471.929  318.626  0.00253702  0.00206581  0.0032273
464.654  288.7  0.0129244  -0.00294572  0.00256615
350.372  321.214  0.0017196  -0.000160085  0.00146414
550.547  300.452  0.00706527  -0.0029994  0.00404996
531.351  311.647  0.000683773  -0.000346695  0.00102511
520.514  313.42  0.000384094  -0.000217122  0.000826936
510.964  301.76  0.000755348  -0.000476995  0.00286391
530.369  311.577  0.00340277  -0.000604408  0.00144334
533.523  319.247  0.00463611  -0.000678025  0.000887342
514.593  319.336  0.000781041  -0.000189011  0.000704339
517.156  304.244  0.00104612  -0.000262854  0.0014922
528.758  310.549  0.00281215  -0.000433911  0.00102299
523.94  308.338  0.00101331  -0.000380522  0.00173816
532.518  316.941  0.00180041  -0.000393558  0.000984843
524.513  309.334  0.00102009  -0.000245758  0.0010628
486.652  330.444  0.00210979  -0.000462841  0.00071191
491.077  340.19  0.0024474  -0.000632261  0.000536243
398.227  310.288  0.00392019  -0.000936012  0.00134254
375.234  322.927  0.000523222  6.00559e-05  0.000715251
384.428  323.474  0.000803453  -6.93262e-05  0.000630184
435.866  275.812  0.000928215  -9.49009e-05  0.00528926
417.395  285.088  0.00157813  -0.000552274  0.00268066
415.527  296.87  0.000728279  -0.000282623  0.00116372
453.162  277.546  0.00245104  -0.00162313  0.00276136
329.307  311.463  0.000879341  8.87596e-05  0.000738417
492.955  249.688  0.00076321  -0.000389319  0.00174033
490.889  242.297  0.000521414  -0.00029963  0.00115389
496.798  253.546  0.00390132  -0.00108963  0.00192794
493.799  255.506  0.00254094  -0.000454861  0.00172328
528.436  222.347  0.00259981  -0.000755156  0.00110449
509.288  222.558  0.00140017  -0.000672796  0.00110472
507.021  217.418  0.000795346  -0.00019279  0.000585672
501.25  212.373  0.000627882  -0.000155365  0.000445642
486.524  213.344  0.00031548  -4.82797e-05  0.000381034
494.956  230.828  0.00125158  -0.00068994  0.000911965
495.665  250.171  0.00300255  -0.00100754  0.00161407
492.45  253.137  0.0019173  -0.000410678  0.00144462
487.701  260.738  0.00118411  0.000257814  0.00180201
432.961  247.783  0.0043978  0.00195781  0.00541267
436.91  243.483  0.00280992  0.00123705  0.00340972
524.26  220.604  0.00416932  -0.00102998  0.00195122
511.43  247.247  0.0118617  -0.00352482  0.00287808
490.1  274.184  0.000577217  -2.049e-05  0.000501623
509.269  222.156  0.00148793  -0.000486775  0.00165656
479.77  207.868  0.000412318  -0.000130777  0.000472269
506.787  216.991  0.000831541  -6.7649e-05  0.000894317
505.377  198.814  0.00112204  -0.000310498  0.000455181
467.822  214.595  0.00407156  0.00380784  0.00650979
472.367  207.698  0.00380864  0.00310009  0.00399621
528.576  244.784  0.00269442  -0.000872267  0.00706157
515.59  253.226  0.000661881  -0.00012771  0.0025351
502.712  254.958  0.000350687  3.91205e-05  0.00233063
498.014  197.213  0.000704634  -0.000198741  0.00059469
491.188  192.364  0.000531106  -0.000149003  0.000455751
504.828  219.508  0.00090626  -0.000379714  0.00342661
513.011  242.76  0.0064746  -0.00507487  0.00764633
484.154  241.852  0.00519944  -0.000629674  0.00420108
491.763  280.143  0.000616526  -0.000164694  0.000507344
503.428  270.949  0.00146709  -0.0010193  0.00127138
526.848  242.319  0.00271969  -0.000946217  0.00221055
88.7738  223.196  0.00616136  -0.00108686  0.00404991
89.4596  214.933  0.0037774  -0.000806691  0.00179971
84.1334  209.87  0.00691087  -0.00184045  0.00151802
492.788  203.447  0.00572442  -0.00316378  0.00329079
498.922  265.63  0.001986  -0.000845597  0.000885589
488.781  261.766  0.0014442  -0.000229562  0.000617014
488.263  271.958  0.000983462  -0.000119437  0.000422088
25.0018  200.813  0.00869259  -0.0036277  0.00314948
446.717  218.712  0.00171997  -0.00109856  0.0023415
448.484  228.631  0.00413513  -0.00381663  0.00767598
436.168  216.19  0.00272445  0.00209871  0.00389549
98.3186  222.527  0.00176982  -0.000343954  0.00212991
492.555  227.479  0.000755841  0.000985424  0.00388631
518.329  238.448  0.000891021  -0.000402554  0.0011535
442.844  200.549  0.000346196  8.51996e-05  0.00114186
433.993  192.423  0.0035033  -0.00191693  0.00412853
573.419  203.08  0.00509968  0.00108964  0.00257185
567.304  179.858  0.00241201  0.000110075  0.000414084
549.91  183.902  0.000688787  0.000142138  0.0003374
550.951  217.204  0.00542997  -0.000981142  0.00424451
553.442  219.283  0.00415014  -0.000796344  0.00307255
556.638  221.579  0.00303388  -0.000587779  0.00222536
541.93  184.11  0.00466899  -0.000984975  0.00232718
514.433  169.811  0.000630739  -7.93769e-05  0.000514773
504.219  175.252  0.000372481  2.15585e-05  0.000559447
49.311  200.016  0.00188652  0.000249287  0.00866247
45.9452  187.672  0.0020664  -0.000269027  0.00167332
47.7411  185.121  0.00100339  -0.000243772  0.00141336
92.0594  192.032  0.00278575  0.000570243  0.00248834
83.2639  178.851  0.00384418  -0.00104439  0.00159752
459.185  224.528  0.000958486  0.000940359  0.00183132
489.878  206.378  0.00382836  -0.00215706  0.00419634
495.215  210.509  0.00425468  -0.00318018  0.00425076
490.576  214.552  0.00186212  -0.000962355  0.00208691
487.96  218.043  0.00126133  -0.000470883  0.00150903
470.337  231.423  0.000502495  0.000191451  0.000801069
456.155  183.161  0.00448793  -0.00224688  0.0047571
481.046  163.344  0.00083711  0.000666436  0.00149787
61.7299  202.074  0.00229014  0.00254299  0.00505118
126.516  173.494  0.000528469  2.39213e-05  0.00111455
133.931  165.13  0.000354163  9.36172e-06  0.000670914
114.318  165.776  0.00102644  -8.68906e-05  0.000644789
545.047  196.789  0.0042083  -0.000612156  0.00231177
513.946  208.956  0.000520033  0.000460564  0.00168381
529.964  153.068  0.00295001  -0.000768102  0.00138374
87.4365  186.781  0.00592825  -0.00171947  0.00344554
116.049  162.603  0.00034244  -6.63721e-05  0.000568222
363.938  191.478  0.00322427  -0.00219451  0.00249746
343.882  182.976  0.00107373  -0.00112968  0.00197107
356.061  189.116  0.00175766  -0.0014162  0.00198957
567.561  189.325  0.00314258  0.000725231  0.00425327
522.686  187.285  0.00186571  -0.000177612  0.000708157
531.154  192.879  0.00115135  -0.000291963  0.000547408
537.609  198.209  0.00090269  -0.000328919  0.000489729
536.137  176.935  0.000864916  -8.10437e-07  0.000278936
509.467  185.729  0.00789357  0.0058899  0.00718049
509.929  190.449  0.00438205  0.00239408  0.00334941
497.01  223.287  0.000882189  0.000423441  0.000631736
487.209  163.549  0.00136881  0.000425626  0.000855938
448.734  171.009  0.00410516  -0.00103421  0.00270703
466.372  192.566  0.00344027  -0.00230482  0.00288925
485.659  175.966  0.00068616  8.25801e-05  0.000599869
159.843  151.656  0.00271284  -0.00157813  0.0056295
155.263  148.967  0.00244437  -0.00214891  0.00526964
480.215  197.239  0.00409354  0.00141945  0.0013623
509.182  145.237  0.0039532  0.000248739  0.00172396
479.781  145.294  0.00194264  0.000303126  0.00162455
559.48  170.192  0.00387165  -2.52443e-05  0.00321872
567.288  165.95  0.00369297  6.47495e-05  0.0037512
549.205  143.23  0.00354755  0.000382484  0.0042216
519.782  150.82  0.00069405  0.000789423  0.00236477
556.628  157.879  0.00431687  -0.000731249  0.002146
562.391  156.44  0.00399466  -0.000769824  0.00236721
118.814  156.409  0.000692731  4.97399e-05  0.00586752
135.487  167.826  0.000775093  -0.000674378  0.00207748
476.291  159.92  0.00244904  -0.000203845  0.00261949
476.699  183.336  0.00290052  8.60673e-05  0.000481374
514.864  136.795  0.00281553  -0.000710192  0.0015689
518.284  146.08  0.00383568  -0.000548323  0.000857395
75.9399  148.55  0.00403849  0.000201194  0.000768266
77.6757  134.757  0.00358647  0.00122111  0.00192944
77.4392  97.1352  0.00858868  0.00326993  0.00280184
55.8289  117.847  0.00514132  0.00226672  0.00480213
47.7949  103.719  0.00245876  -0.000335779  0.00105544
45.8072  122.109  0.00254486  0.00173192  0.00291013
487.417  103.222  0.00545949  -0.00250382  0.00284023
481.798  104.782  0.00240481  -0.00134129  0.0028996
468.453  100.452  0.000926183  -0.000661087  0.00211601
213.121  126.633  0.00205336  0.000856169  0.00143339
202.818  131.006  0.00107715  0.000411709  0.000836661
195.878  139.089  0.000906544  0.000392131  0.000600814
226.024  87.2982  0.00189042  -0.00141412  0.00549634
545.367  120.65  0.00197164  -0.00113696  0.00453001
550.778  128.262  0.00214779  -0.00127015  0.00239471
469.683  119.867  0.00498793  -0.00116773  0.00184265
469.963  108.651  0.00328511  -0.000757905  0.00647959
488.281  110.481  0.000706178  -0.000155986  0.00466058
499.976  114.023  0.000401779  -8.82813e-05  0.00287147
41.452  112.228  0.00305249  0.00138332  0.00712033
68.0762  96.4133  0.00236156  -0.00107645  0.00190927
88.3104  111.281  0.000910151  -0.000436679  0.000670578
140.838  146.422  0.00123212  -0.000482119  0.000498281
119.312  73.0714  0.00271826  -0.00162505  0.00233294
110.467  61.1176  0.00505088  -0.00113987  0.00131889
111.957  89.6784  0.012138  -0.000774114  0.00143783
165.214  75.1231  0.00545858  -0.00326476  0.00388417
182.736  93.6549  0.000645396  9.53082e-06  0.000489525
220.765  84.8209  0.00252481  0.000191948  0.00111266
218.733  72.3109  0.00467164  0.00265273  0.00307688
221.499  76.5579  0.00277062  0.00104126  0.00158906
220.611  86.5492  0.00149548  -0.000425447  0.000905952
249.354  54.8322  0.00668249  0.00357674  0.00475968
245.004  51.3328  0.00318645  0.000715377  0.00255106
213.58  77.091  0.000999577  -0.000360257  0.000580699
209.592  81.3132  0.000776492  -0.000208361  0.000408039
221.825  104.8  0.00173784  0.000319938  0.00043966
204.613  90.1323  0.000597945  -7.41274e-05  0.000262223
178.259  71.8832  0.00165966  0.00070907  0.00116867
200.351  48.794  0.00282976  -0.000552105  0.00298107
235.515  94.7144  0.00100283  -0.000429763  0.000910993
219.77  70.5418  0.0058318  -0.00119745  0.00144552
103.336  48.7011  0.00221496  0.00086442  0.00201544
238.926  49.5576  0.00503114  -0.00289746  0.0044306
160.996  37.379  0.001753  0.000421771  0.00187415
163.234  43.761  0.00110161  0.000129892  0.00123402
358.685  612.329  0.000362891  0.000404727  0.00207837
357.008  608.774  0.000315755  0.000305093  0.00146618
263.534  615.834  0.00220165  0.000751763  0.00240138
262.19  561.047  0.00157744  -3.22996e-05  0.000603466
274.548  549.952  0.000634448  -3.57155e-06  0.000367079
278.244  538.264  0.00050437  -7.02036e-06  0.000236615
268.294  573.665  0.00291585  0.000266809  0.00147865
212.526  564.631  0.000203848  3.74897e-05  0.000594534
465.133  519.133  0.000410921  0.000194423  0.000430782
329.599  559.741  0.0010694  0.00110053  0.00437271
325.727  555.006  0.000581412  0.000404594  0.00255174
295.39  546.519  0.000278287  -0.000300926  0.00166649
306.524  535.657  0.000151457  -3.36468e-05  0.000789862
322.922  558.006  0.000709625  -0.000549876  0.00149729
325.064  546.057  0.00114829  0.000639203  0.000804718
322.808  541.611  0.000904889  0.000481321  0.000587462
463.441  527.199  0.000742788  -0.000189765  0.00102941
447.932  506.981  0.000539153  -0.000213201  0.000407224
299.849  581.473  0.00316377  0.000432318  0.00152811
308.701  578.861  0.00139171  0.000441376  0.00153205
315.236  575.837  0.000935704  0.000491084  0.00169523
315.788  561.518  0.000800167  -0.000284223  0.00203296
533.734  512.706  0.00212125  -0.000182225  0.0011126
549.426  464.361  0.000876257  0.000336439  0.00191598
521.887  473.466  0.000739903  0.000432768  0.00230627
520.092  468.643  0.000664539  0.000200285  0.00141637
498.835  471.285  0.000300349  0.000222674  0.00109958
502.371  476.49  0.00310681  0.000197466  0.00145466
497.683  477.17  0.00200291  0.000307085  0.00120487
427.388  473.97  0.00191114  0.000115089  0.000292167
434.774  465.216  0.00105615  7.05042e-05  0.00021984
205.317  493.721  0.00101102  -0.000678654  0.00511283
200.663  532.705  0.000502447  -0.000111462  0.000305035
210.977  465.873  0.00232013  -0.000438403  0.000454549
194.994  462.026  0.000696832  -0.000169994  0.000388542
173.847  448.568  0.000288387  -8.48317e-05  0.000256018
263.039  489.26  0.000156322  -8.21689e-06  0.000487625
485.445  473.437  0.00235679  0.000205457  0.00057307
492.962  460.851  0.00139359  0.000498219  0.00090236
308.313  474.152  0.000302475  0.000157886  0.00133826
229.415  495.012  0.00146268  -0.00012024  0.00235065
467.044  510.575  0.000381126  0.000295213  0.000732035
503.311  497.17  0.00194463  -0.000122411  0.000666258
478.116  522.849  0.000364105  8.16444e-05  0.000321772
466.229  529.185  0.000254079  0.000101478  0.000308396
499.327  533.463  0.000767214  -8.69556e-05  0.000190012
305.892  439.595  0.000645121  6.02731e-05  0.000198584
291.688  469.589  0.001495  0.000303434  0.00233056
471.251  470.474  0.000399545  0.000282277  0.00294966
478.401  476.896  0.000482209  7.11584e-05  0.00142462
468.475  488.093  0.00028328  2.54097e-05  0.000707033
205.549  462.698  0.000455382  5.74574e-06  0.000363416
186.558  464.725  0.000224368  -4.00678e-05  0.000448301
318.256  414.054  0.000200051  -9.87615e-05  0.00102331
494.383  447.4  0.00072135  -4.07314e-05  0.000690463
489.068  437.781  0.00242786  0.000118902  0.0013068
475.295  488.645  0.000503033  -1.61625e-05  0.000168783
490.607  393.951  0.000835544  0.000790739  0.00239183
489.997  387.051  0.00065345  0.000362911  0.00124408
461.233  388.686  0.00618453  -0.000995009  0.000912631
479.141  375.878  0.00143244  0.000611371  0.000929031
224.133  429.274  0.000615349  -4.33888e-05  0.000258324
237.867  401.584  0.00096495  0.000204618  0.00141945
216.884  399.154  0.00198062  -1.05205e-05  0.00107475
219.621  397.13  0.000845149  0.000205127  0.00096853
261.077  434.893  0.00145661  -5.61477e-05  0.000229369
267.293  430.874  0.000899782  -4.22163e-05  0.000267303
214.648  430.53  0.000922823  -2.18947e-05  0.000240942
296.06  423.09  0.0025321  5.98829e-05  0.000565606
325.617  446.563  0.000342429  3.0287e-06  0.000220125
317.167  415.179  0.000297747  1.19769e-05  0.000961029
316.581  428.28  0.000281306  2.73419e-05  0.000455848
211.695  432.697  0.000790907  0.000140257  0.000252121
304.99  410.683  0.00121142  -0.00021411  0.00099281
342.171  385.599  0.00021354  -4.42402e-05  0.000200549
373.522  368.851  0.000820687  0.000616732  0.00220041
378.382  402.395  0.000402782  -3.36521e-05  0.000312339
318.619  336.913  0.000651849  0.000784857  0.00235271
346.457  345.978  0.000928187  5.57343e-05  0.0007741
359.013  346.962  0.00049885  8.66936e-05  0.000544599
373.384  364.03  0.000311853  3.86496e-06  0.000226411
459.423  311.827  0.000553204  0.000311455  0.00224198
450.636  363.89  0.000218968  0.000118909  0.000819927
481.85  369.705  0.000621058  -8.69487e-05  0.000461492
438.422  293.581  0.000383346  -0.000264748  0.00261747
431.441  289.631  0.000310047  -0.000323549  0.00211076
370.358  258.132  0.000346191  -0.000312373  0.000813755
328.668  360.074  0.000577127  0.000128901  0.000491171
425.383  290.885  0.00167482  -0.000804768  0.00359375
452.466  275.449  0.00243231  -0.00175286  0.00243235
423.941  292.295  0.00127002  -0.000862684  0.00201776
485.275  245.141  0.0014666  0.00102205  0.00260886
409.709  249.847  0.00222341  0.00178008  0.00284228
91.5298  196.369  0.00115693  5.93481e-05  0.000506094
79.1242  209.305  0.000566585  0.000214678  0.000847911
74.9831  195.049  0.000458152  7.72081e-05  0.000374039
74.3676  223.393  0.000596406  0.000713896  0.0024699
465.577  247.163  0.000714733  0.000203554  0.00274868
475.052  264.146  0.000506951  -0.000209759  0.000828161
461  293.911  0.000144175  -4.91552e-05  0.000268774
530.089  223.343  0.000664333  1.76279e-05  0.00057485
450.111  216.643  0.00151944  -0.000566642  0.00160598
455.249  208.263  0.000878141  -4.81659e-05  0.000918285
486.055  197.953  0.00018937  0.000177688  0.00128274
152.376  153.195  0.000445762  0.000193452  0.00039549
118.612  173.299  0.00359504  -0.000527534  0.00051173
144.528  190.571  0.00308721  0.00291808  0.00452591
165.12  156.559  0.000620876  0.000440503  0.00070228
62.0357  169.788  0.000327467  -0.000114082  0.000402361
132.842  194.813  0.00368257  6.71637e-05  0.00105594
170.374  174.963  0.000488857  0.00061004  0.00182052
50.4981  193.234  0.0010729  -0.000484626  0.00213068
50.0709  170.227  0.000853865  -0.000187978  0.000456519
52.9214  164.354  0.000680393  -0.000146922  0.000345807
54.4002  151.853  0.000567013  -0.000111504  0.000219649
58.7222  148.753  0.000897483  -0.000404603  0.00144646
57.1027  140.701  0.000957486  -0.000172152  0.000838767
84.3793  128.836  0.000286206  -6.64751e-05  0.00029148
57.5886  117.948  0.00105875  4.44284e-05  0.000290162
49.3137  132.907  0.00269675  -0.000310577  0.000611126
88.5878  127.096  0.000545775  -0.000108928  0.000255324
44.935  150.68  0.00133091  -0.000281796  0.000257672
525.227  164.071  0.00126139  -0.000247248  0.000688492
48.4541  158.151  0.00327127  -6.09007e-05  0.000597939
48.7898  167.182  0.00326906  -8.26166e-05  0.000384797
49.2674  148.178  0.00283002  9.27473e-06  0.00112313
147.23  115.75  0.00112708  -0.000553693  0.00297905
142.091  110.169  0.00105203  -0.000642619  0.00192508
128.69  119.566  0.000381563  9.01152e-05  0.00289646
121.303  116.876  0.000304071  2.54029e-05  0.00199254
197.502  98.1972  0.00474809  0.000691465  0.000978012
186.017  110.32  0.00153596  0.000474122  0.00224753
163.718  113.737  0.000432191  0.000356051  0.00234922
163.656  76.2181  0.000326421  7.20996e-05  0.000256642
153.799  97.3802  0.000254974  0.000109505  0.000610596
44.0802  137.795  0.00126334  6.17338e-05  0.00329457
50.3495  107.873  0.00108407  0.000298399  0.00419754
46.7494  102.239  0.00132272  4.63725e-05  0.00204219
120.819  151.671  0.000732334  -3.87414e-05  0.000150406
45.7437  126.503  0.00195357  -3.79069e-05  0.000389763
49.3314  90.8088  0.0022848  0.00240335  0.00482754
495.601  90.025  0.00149338  -0.000908158  0.0031402
171.139  180.886  0.0007927  -0.000133575  0.000225799
82.4755  157.384  0.00152614  0.000584261  0.000514909
99.0956  141.847  0.00252435  -7.34754e-05  0.000474446
147.115  67.5342  0.000978879  -0.000621951  0.00189903
133.931  56.4082  0.000817183  -0.000660691  0.00120453
151.438  76.1013  0.000870141  -3.96233e-05  0.00306955
167.922  97.768  0.000629612  -0.000427132  0.0011855
182.562  105.328  0.00125343  -0.00029456  0.00106087
185.25  134.576  0.00186816  0.000117151  0.000281007
179.381  132.374  0.00112928  2.86061e-05  0.000268539
141.634  117.947  0.000218777  -7.78982e-05  0.000247081
77.4232  56.9294  0.00123366  0.000463325  0.000681332
352.236  563.877  0.000265108  -0.000178384  0.00044039
355.717  549.724  0.000180974  -7.12873e-05  0.000250457
401.631  609.083  0.000464756  -0.000181389  0.00193487
407.649  595.609  0.000199079  -3.85545e-05  0.000879205
396.651  599.649  0.000294077  -0.000187921  0.00113013
402.127  560.474  6.50913e-05  -3.12439e-05  0.00026347
285.329  578.881  0.0008881  -0.000414138  0.00124639
455.489  539.145  0.000282086  0.000225528  0.00121222
470.535  512.047  0.000170106  6.45879e-05  0.000315425
484.216  507.059  0.000121756  5.63622e-05  0.000284736
308.836  575.74  0.00145044  0.00120014  0.00170979
271.319  557.644  0.000207856  -3.63859e-05  0.000431342
302.335  578.814  0.00111424  0.000918888  0.00131622
300.457  536.606  0.000431833  -0.000542947  0.00151039
274.934  510.663  0.000861226  -0.000104832  0.000521841
194.313  522.688  0.000528168  -0.00067981  0.00204793
214.987  557.553  0.00124987  0.000200899  0.000449202
474.89  507.907  0.000158336  2.65128e-05  0.000279197
447.885  478.384  0.000322668  -2.78889e-05  0.000109009
372.768  519.25  0.00155088  -0.00128892  0.00184831
269.896  405.093  0.000181236  -4.6786e-05  0.00011393
207.084  410.433  0.000360072  8.1858e-06  8.72909e-05
190.018  480.214  0.000482112  -0.000617766  0.00174875
210.477  490.736  0.00071858  -0.000809047  0.00236871
299.919  521.658  0.00102066  -0.000232503  0.000555122
316.449  540.802  0.00043491  -0.000120555  0.000300549
316.389  516.663  0.000506322  -0.000382863  0.00107241
309.514  398.439  0.00117952  -0.000202932  0.000178746
302.383  401.887  0.000703893  -0.000133468  0.000188718
294.59  397.238  0.000480553  -9.6897e-05  0.000167173
300.639  443.743  0.000482063  -0.000257407  0.00123071
284.24  439.778  0.00026413  -0.00020496  0.00109847
244.186  401.047  9.89704e-05  -4.86902e-05  0.00022509
295.466  393.393  0.000542388  -0.00014057  0.000144441
292.643  442.098  0.000560086  -0.000556171  0.00108738
254.489  398.289  0.000182109  -0.000150293  0.000283835
470.915  489.689  0.000402359  0.000207565  0.000926004
505.21  504.049  0.00131646  -0.000299775  0.000620576
439.172  371.622  0.000224227  2.05695e-06  8.19142e-05
300.581  510.705  0.000883172  -3.74425e-05  0.000237356
305.677  470.732  0.000581812  6.13342e-06  0.0024674
309.836  532.146  0.000541314  -2.3209e-05  0.000125993
310.24  502.769  0.000494736  -1.85363e-05  0.000315919
299.977  472.612  0.000360358  -2.78879e-05  0.00204249
287.426  479.903  0.000215672  -1.83146e-05  0.00110074
291.301  505.273  0.000215529  -2.90687e-05  0.000293318
266.103  517.603  0.000102724  -1.31444e-05  0.000193012
271.625  535.87  0.000109443  -1.51755e-05  0.000117864
293.622  539.998  0.000195693  -2.85005e-05  0.000108447
278.743  546.581  0.000506861  5.76417e-05  9.64412e-05
298.635  484.299  0.000287044  4.26133e-05  0.000804265
297.901  510.16  0.000264785  3.26817e-05  0.000243586
308.169  497.098  0.000196203  2.71845e-05  0.000403645
306.467  526.617  0.000186692  2.27105e-05  0.000146751
309.16  481.195  0.000283137  5.75227e-05  0.000983845
317.603  528.994  0.000166695  2.8017e-05  0.000139155
262.639  462.451  0.000141474  -0.000155362  0.000730524
269.734  473.791  0.000147335  -0.00010112  0.000430883
279.513  497.542  0.000162598  -5.92621e-05  0.000190985
389.925  478.493  0.000509108  -0.000367929  0.00128611
409.09  488.213  0.00026655  -0.000239058  0.00087722
318.457  493.094  0.000202672  -2.27512e-05  0.000285115
317.313  507.545  0.000192152  -3.26961e-06  0.000176489
326.338  520.349  0.000140442  -2.62364e-06  0.000130193
475.185  418.677  0.000913612  3.98364e-05  0.000241485
475.374  439.052  0.000926756  0.000256261  0.000547653
504.87  414.034  0.00166425  -0.000303947  0.000619262
484.523  379.577  0.000901016  -0.000266545  0.000217483
499.927  430.702  0.00102591  0.00028973  0.000932699
467.074  372.873  0.000413793  -0.000104322  0.000120769
485.914  435.205  0.000582874  0.000291499  0.000676451
365.373  353.454  0.000697716  0.000146295  0.000128359
321.259  414.042  0.000276378  -0.000289827  0.00144104
306.878  403.516  0.000169208  -0.000168724  0.000847402
344.863  417.659  0.000207924  -0.000181224  0.00103974
351.197  411.198  0.000167817  -0.000107229  0.000636382
291.972  431.25  0.00303065  0.000353229  0.000391889
314.685  416.297  0.000338965  -0.000204547  0.0014835
340.431  397.168  0.000159028  -2.96966e-05  0.000362631
305.435  383.633  0.00065743  0.000113543  0.000310383
313.497  378.798  0.000460359  7.41622e-05  0.000244232
313.814  416.073  0.000328336  0.00021327  0.000624883
523.78  288.219  0.000263877  2.77148e-05  0.000168362
376.088  370.613  0.000348275  0.000151223  0.00244618
379.655  386.046  0.000135704  2.30614e-06  0.00092869
409.257  398.7  9.67388e-05  -0.000102031  0.000617245
364.991  363.338  0.0003554  -4.89891e-05  0.00219321
367.636  368.754  0.000248643  -7.2387e-05  0.00152811
373.574  381.545  0.0001304  -6.38431e-05  0.000797132
359.31  294.897  0.00048013  -0.00033783  0.000543369
420.402  302.26  0.000460992  -0.00018201  0.00155822
446.904  218.029  0.000104563  -5.58038e-05  0.000234445
533.803  212.756  0.00083158  0.000122471  0.000392275
454.301  237.227  0.000137792  -5.24672e-06  0.000155056
531.156  219.76  0.00098525  8.3252e-05  0.000500586
528.192  200.869  0.00168673  0.00109992  0.00155687
530.546  206.088  0.00118788  0.00054946  0.000931828
96.4571  195.251  0.00181991  6.02484e-06  0.000480421
468.607  195.785  0.000620104  0.000175642  0.000447239
447.983  225.299  0.00129851  2.20763e-05  0.000352737
433.604  192.078  0.00159227  0.000776822  0.0013593
119.032  152.128  0.000776699  0.000592951  0.00213387
130.008  142.697  0.000440816  0.000360694  0.00127545
99.5286  116.377  0.00103896  -0.000178179  0.000266806
117.55  175.164  0.000629006  0.000409775  0.000803049
523.915  74.9555  0.00211124  -0.00127635  0.00144058
321.473  46.4725  0.000446284  -0.000277298  0.000860458
191.214  57.0853  0.000171092  0.000208843  0.000659942
