1.0
787
162.153  619.55  0.00511721  -0.00374261  0.00449893
158.445  626.7  0.00182621  -0.00178759  0.00628159
184.34  620.122  0.00754831  -5.40701e-05  0.00173587
157.95  606.585  0.00817868  -0.00319951  0.00270883
229.725  573.823  0.000719336  0.000158724  0.000391975
239.885  591.17  0.000590799  0.000538088  0.00141056
182.79  593.966  0.00109223  0.000900957  0.00189196
170.969  602.78  0.00122039  0.000409535  0.00255984
172.394  581.069  0.000356857  0.000137696  0.000735133
162.467  610.082  0.00240536  -0.00106925  0.00439574
142.774  613.512  0.000735176  -3.42894e-05  0.00127639
173.681  609.142  0.00331653  0.0011177  0.00457269
170.398  616.944  0.0049942  0.00469548  0.00713069
165.55  614.301  0.00223631  0.00149899  0.00314392
169.695  607.641  0.00231168  -0.000140871  0.00424844
231.242  592.389  0.00284883  0.00143975  0.00362597
243.662  616.89  0.00131521  -0.000870565  0.00955477
224.703  595.32  0.00334283  0.00166045  0.00414817
338.621  617.498  0.00118003  -0.00118408  0.00491134
337.34  620.807  0.000819814  -0.00082489  0.00337601
315.342  584.314  0.00553097  0.0019166  0.00155921
254.65  578.311  0.00458806  0.000772732  0.00208814
252.574  586.998  0.00405714  0.00097664  0.00625837
264.966  577.145  0.00959526  0.00160862  0.00213564
269.83  575.352  0.00422974  0.000763421  0.00175922
270.907  569.88  0.00256533  0.0003383  0.00109247
504.875  581.428  0.00219636  0.00119729  0.00733808
234.525  592.212  0.00192558  -4.20918e-05  0.000752708
232.883  581.975  0.00256102  0.000176269  0.000482674
437.951  600.784  0.00372443  -0.00321277  0.0051562
394.783  597.483  0.00213292  0.00160382  0.00704538
401.317  596.135  0.00309784  0.000266056  0.00652609
410.346  606.186  0.00286734  -0.00159297  0.00273653
206.924  591.435  0.00672229  -0.000691489  0.00158024
194.015  584.588  0.00161982  -0.000593673  0.00139727
182.412  578.707  0.000851055  -0.000544034  0.00128663
207.715  600.717  0.00747046  -0.000414898  0.00284913
314.282  567.994  0.00210761  -0.000905795  0.00104562
286.819  563.03  0.000397136  -0.000151152  0.000523621
330.883  573.261  0.00394923  -0.00120036  0.00131691
577.115  599.04  0.00866329  -0.00380979  0.00420354
430.395  603.713  0.00275509  -0.00110625  0.00220514
465.99  564.398  0.00510545  -0.000235386  0.00191152
474.277  540.867  0.00135897  0.000272591  0.000640904
467.749  522.921  0.000864956  -6.58317e-05  0.00031362
499.487  590.217  0.000756062  0.000189054  0.0036517
371.733  595.264  0.000628499  -0.000108646  0.001229
370.727  601.839  0.000539576  -0.000106872  0.000792733
333.343  560.265  0.00196109  0.000826084  0.00362544
325.052  528.38  0.000702109  -0.000221944  0.000504359
249.138  568.655  0.00309654  -0.00139398  0.00251611
250.124  594.245  0.00350655  0.000172029  0.000494564
176.892  560.378  0.00215212  -0.00135621  0.00209301
187.669  577.05  0.00476263  -0.00162652  0.00390375
500.939  582.307  0.00559613  0.000767669  0.00341725
497.199  581.777  0.00361463  0.000648573  0.00239263
510.17  563.085  0.00880371  -0.00351775  0.00295563
506.935  575.047  0.00314802  0.000298406  0.00263871
50.1814  588.903  0.00358975  0.000289472  0.000445376
290.032  555.31  0.00349646  -0.00258862  0.00478081
172.717  566.002  0.00205625  -0.00208665  0.0136828
364.557  572.705  0.000693901  0.000315344  0.00125781
362.071  567.187  0.000606849  0.000149087  0.00081487
109.325  586.677  0.00310522  -0.00120859  0.00420647
275.226  595.998  0.00205898  -0.000450249  0.00107097
275.105  588.014  0.00183801  0.000121961  0.000751927
280.624  578.971  0.00132972  -0.000133035  0.00151163
466.056  526.448  0.000773119  -0.000279658  0.000479957
370.817  570.095  0.00194156  -0.00042092  0.00377803
369.692  552.463  0.000640513  -0.000253757  0.00108113
373.935  547.93  0.000449025  -0.000120665  0.00084021
283.635  577.641  0.000901259  -0.00030739  0.00178497
384.602  563.439  0.00920277  -0.00191158  0.0016873
363.76  551.933  0.00111764  -0.000132983  0.000433096
369.007  583.261  0.00155967  0.00153909  0.00457264
367.326  577.256  0.00116722  0.000555712  0.00205049
77.3618  557.921  0.00600779  -0.000897286  0.00136295
78.2894  545.903  0.00537874  0.000909136  0.00131969
42.8089  577.469  0.00411674  -0.00155694  0.00212514
45.1902  573.017  0.00244476  -0.000589808  0.0021575
45.5047  559.746  0.00223967  0.00259969  0.010375
264.792  522.703  0.00465741  0.000285822  0.000617039
476.651  542.487  0.00119344  0.000710347  0.00502136
467.481  516.104  0.000628338  -0.000233257  0.000658148
499.629  578.988  0.00257085  -0.000130784  0.00169988
491.158  583.784  0.0013358  0.00039602  0.00149154
508.264  574.581  0.0107566  -0.00361578  0.00308936
491.344  589.435  0.00222704  7.23232e-05  0.0009673
495.554  576.821  0.00182346  -0.000100532  0.00150934
490.397  558.286  0.00398065  -0.00133354  0.00371935
487.505  556.628  0.00287509  -0.0010196  0.00313041
495.12  576.343  0.00460967  -0.00037581  0.00151555
301.786  536.707  0.00135363  -0.000773721  0.000999767
187.018  572.915  0.00328231  -0.00302941  0.00548702
202.079  591.95  0.00209337  -0.00151269  0.00174535
310.561  567.914  0.000637142  -0.000604468  0.00139394
219.589  520.703  0.00280531  0.000100074  0.000577909
540.91  518.556  0.0033294  -0.00135853  0.00135075
546.72  544.326  0.00325162  0.00319996  0.00957031
541.256  534.992  0.00176698  6.2198e-05  0.00214444
532.258  542.135  0.0010757  0.000783313  0.00266425
514.918  525.145  0.000472516  -2.72261e-06  0.000538175
478.827  522.157  0.00165932  0.00108658  0.00153679
560.856  562.377  0.0037307  0.00275662  0.00860352
239.943  510.251  0.00101436  0.000120965  0.000445623
217.757  550.761  0.00287176  -0.00055131  0.0053982
236.545  522.221  0.00373797  -0.000851351  0.00227015
233.89  518.412  0.00151777  5.57052e-06  0.00159351
238.654  509.619  0.00113506  5.7451e-05  0.000797579
260.602  566.898  0.000381973  -0.000205832  0.00154774
544.449  547.092  0.00231407  -0.00274107  0.00854182
389.414  523.026  0.00648108  -0.000282407  0.00293699
383.399  522.128  0.0027379  -0.000318647  0.00287747
359.431  510.868  0.000482175  -0.000149101  0.00127021
263.939  528.277  0.00870848  -0.00216056  0.00176515
265.594  522.999  0.00521524  -0.00131011  0.001134
311.045  514.968  0.00675196  0.000112046  0.00329071
297.076  506.193  0.00102513  -0.000566269  0.00173412
293.898  501.931  0.000877603  -0.000445444  0.00127927
326.633  580.892  0.00210643  0.000276861  0.000459596
309.521  588.544  0.000658812  0.000196888  0.000434293
337.317  577.832  0.00208242  6.66624e-07  0.000445722
204.346  527.58  0.00319616  -0.00292487  0.00752438
193.254  532.966  0.00109876  -0.000843974  0.00209342
212.887  548.308  0.00473184  -0.00104449  0.00110536
206.895  541.175  0.00244363  -0.00043527  0.000591386
179.229  528.169  0.00110017  -0.000589796  0.00208354
230.772  532.599  0.0017337  -0.000249586  0.00261122
365.989  496.823  0.000714905  -0.000451631  0.00233535
372.544  500.666  0.00214362  -0.000104793  0.00302899
498.281  520.537  0.00228601  -0.000932715  0.00346491
331.778  517.648  0.00250315  -0.00193475  0.00374743
293.598  528.665  0.00393899  -0.00252574  0.00284936
310.718  537.782  0.0011988  -0.000916139  0.00150129
321.294  544.683  0.000767099  -0.000614508  0.00108228
332.205  512.218  0.00170616  0.000276869  0.00129082
333.388  525.774  0.00241023  0.00234082  0.00659156
367.818  518.834  0.00785119  0.000999112  0.00143701
208.633  464.428  0.00195881  -0.000381505  0.000577164
230.653  464.989  0.000452464  -0.000130216  0.000483773
214.3  459.64  0.00112367  -0.000231054  0.000432691
340.146  537.087  0.000435392  7.06672e-05  0.000520388
288.739  457.136  0.00217033  0.000103729  0.000344865
339.94  511.864  0.00498101  -0.000524919  0.00184895
371.862  495.794  0.000505546  0.000368911  0.00117789
335.053  512.78  0.00403676  0.000579167  0.00144823
373.234  532.883  0.00112836  -4.84998e-05  0.00103766
350.145  483.152  0.00683232  -0.00395214  0.00471284
333.377  515.129  0.00244756  0.0014371  0.0014268
351.883  479.755  0.00309101  -0.000126676  0.00104057
343.332  497.37  0.00216439  0.000910784  0.00101932
337.84  506.492  0.00215503  0.00117498  0.0010929
326.559  490.827  0.00210337  0.000901974  0.00183796
323.761  482.25  0.00156945  0.000267643  0.000849462
201.444  464.234  0.00478898  -0.00105272  0.00122583
206.374  459.49  0.00231777  -0.000559328  0.000793007
230.066  463.406  0.000495871  -0.000240497  0.000653942
215.767  456.792  0.00100813  -0.000300251  0.000573246
194.361  462.205  0.00142468  0.00033896  0.0013718
245.615  492.243  0.00136065  -0.000392489  0.000512929
154.199  487.433  0.00395763  -0.0016414  0.00439451
170.64  463.532  0.00258148  -0.000739895  0.00121919
162.736  449.004  0.00148889  -0.000390541  0.000573091
165.011  471.999  0.00153923  -0.00110362  0.00310755
415.895  479.517  0.00153069  -0.00129276  0.00899199
413.304  477.001  0.001461  -0.00122089  0.00605962
403.003  469.23  0.00106679  -0.000882291  0.00264809
460.724  512.675  0.00563434  -0.000779552  0.000927106
457.567  521.176  0.00382064  4.32719e-05  0.000579493
456.014  527.929  0.0031321  0.000206526  0.000460349
467.079  445.103  0.000921288  -0.00015766  0.000505433
330.131  499.99  0.000860646  -0.000557223  0.00236907
334.992  513.344  0.000590739  -0.000194412  0.000850629
335.316  521.543  0.000558437  -0.000117254  0.000529786
338.062  530.745  0.000476402  -7.6509e-05  0.000354972
342.497  504.355  0.0004999  -0.000486284  0.00204665
476.433  487.06  0.00776274  -0.00341762  0.00405315
473.518  480.13  0.0075398  -0.00332494  0.00277634
476.658  478.264  0.00391123  -0.00172267  0.0018914
481.481  472.57  0.00169767  -0.000746429  0.00109557
491.481  468.858  0.000714747  -0.000312875  0.000754958
500.973  465.65  0.000404619  -0.000176313  0.000598366
354.5  469.861  0.00501611  -0.00248049  0.00334058
312.784  461.187  0.00196245  -0.00104845  0.0102189
308.619  459.788  0.00136748  -0.000891259  0.00842028
300.558  436.674  0.000627684  -2.81542e-05  0.000784031
430.361  439.226  0.000796513  -0.000133974  0.000585475
419.786  442.571  0.000769596  -0.000489222  0.000990882
477.396  481.409  0.00131466  0.000657198  0.00108697
479.867  484.248  0.0010147  0.000512992  0.000865962
530.208  472.368  0.00603669  -0.00104287  0.0012877
529.278  461.395  0.00524604  0.000520012  0.00216481
536.019  456.094  0.00291763  0.00105758  0.00176735
496.204  476.952  0.00308914  0.00226547  0.0046444
506.565  478.137  0.00503589  -0.000291375  0.0022875
503.735  500.063  0.00161775  -0.000180585  0.000619503
294.82  481.835  0.000601549  -3.61696e-05  0.000722213
284.539  480.654  0.000369731  -5.97148e-05  0.000708734
292.291  469.238  0.00142673  0.000444906  0.0029761
169.964  444.098  0.00273613  -0.0013469  0.0045919
208.47  462.503  0.0088659  0.00267898  0.00305729
193.632  466.742  0.00112143  -0.00135188  0.00480741
523.791  484.449  0.00395808  -0.00092581  0.0010986
287.376  469.42  0.0025966  0.001043  0.00186708
294.276  467.131  0.00155971  0.000886424  0.00171251
323.783  460.451  0.00208834  -0.00223249  0.0132842
223.879  444.712  0.00229576  -0.00153344  0.0041066
236.459  454.541  0.0108245  -0.000206539  0.00231026
200.975  451.874  0.000538211  -0.000318749  0.000863816
526.806  486.364  0.00096628  -2.33485e-05  0.000702664
473.88  460.782  0.00170743  0.0016195  0.00291277
372.17  424.272  0.00519179  0.00229209  0.00251902
352.318  410.526  0.00425592  -0.000354596  0.00066825
348.053  414.566  0.00244127  -0.000318094  0.000904655
344.839  431.375  0.00186974  -0.00128476  0.00542538
364.497  426.578  0.010121  0.00211959  0.0023734
339.798  429.619  0.000972611  -0.000905225  0.00493683
333.512  427.703  0.000725421  -0.000878709  0.00454645
392.429  440.982  0.00314822  0.000500219  0.00639605
379.365  432.415  0.00523943  -0.00067533  0.0024177
378.85  426.979  0.00542268  -0.00051569  0.00144528
220.77  441.563  0.00325014  -0.0020715  0.00551798
210.479  459.337  0.00114995  -0.00021468  0.000689433
206.093  464.346  0.000864055  -0.000145288  0.000478993
217.832  470.737  0.00214231  -5.59383e-05  0.000446094
575.624  431.537  0.00403214  0.00170807  0.00613781
531.667  456.903  0.00918496  -0.00392353  0.00336967
528.076  487.942  0.00226697  6.97374e-06  0.000400906
540.745  487.024  0.00217812  -0.00087683  0.000775412
300.912  422.388  0.00441562  -0.00491546  0.00940089
351.908  407.558  0.00407228  -0.000300724  0.00127109
346.614  410.951  0.00210606  -0.000243072  0.00176237
360.709  417.135  0.0035118  0.000631286  0.00325627
380.713  428.622  0.00417805  -0.00068757  0.00255654
490.776  414.522  0.00428821  7.8324e-05  0.00262553
488.359  400.789  0.00399913  -0.000401795  0.000861638
485.944  416.598  0.00239211  0.000440109  0.00278942
484.698  411.914  0.00219023  0.000140291  0.00167616
477.384  405.75  0.00124268  6.07551e-05  0.000888038
485.401  446.05  0.00141398  0.00107492  0.00530548
502.22  446.094  0.0063537  -0.00168768  0.00362903
505.107  462.126  0.00363324  -0.00123265  0.00124544
488.138  468.032  0.000725896  -8.66014e-05  0.000743963
466.41  440.786  0.00697071  0.000487296  0.00111202
470.158  428.023  0.0044636  0.00160616  0.003143
223.234  413.493  0.00315835  -0.00040253  0.00487478
234.96  407.646  0.00114605  -0.000158558  0.00183257
490.517  411.482  0.00462907  0.000674788  0.0044315
488.516  407.523  0.00370831  0.000197987  0.00249672
485.677  414.942  0.00273488  0.00149256  0.0059815
482.676  403.837  0.00204375  0.00013778  0.00146414
487.018  441.899  0.00157142  0.000458684  0.00332416
501.87  444.623  0.00654177  -0.00209944  0.00247874
243.838  447.745  0.00252791  -0.000272761  0.00168642
454.324  408.706  0.000957278  0.000341452  0.00352872
436.54  386.281  0.00095653  -0.000857505  0.00146441
248.925  407.182  0.00565023  0.000388148  0.00401064
230.022  386.034  0.000758877  -0.000346119  0.00114682
411.611  408.698  0.00273843  -0.000442264  0.0017507
496.453  438.84  0.00121774  -0.000931916  0.00177277
326.292  417.234  0.00286138  -0.00251883  0.00727322
329.732  414.756  0.00157915  -0.00136801  0.0047765
327.159  411.288  0.00149058  -0.00131963  0.00353003
324.191  407.331  0.00140229  -0.00125866  0.0027273
354.086  396.912  0.00627574  -0.000407224  0.000777209
361.667  416.466  0.00396392  0.000418841  0.00453356
308.289  413.243  0.00224613  -0.000187585  0.000911747
306.367  402.705  0.00301038  9.00358e-05  0.000543353
527.408  404.805  0.00157164  0.00114404  0.00764944
528.526  416.081  0.00145921  7.68793e-05  0.00171366
535.699  406.04  0.000898667  0.000725784  0.00476565
540.999  413.179  0.000644046  0.000225686  0.00180503
541.752  406.318  0.000655446  0.000606755  0.00389914
322.068  382.795  0.000712367  -0.000214695  0.00265564
496.164  420.724  0.0016403  -0.000471814  0.0010111
503.658  427.492  0.00301896  -0.000805983  0.000809536
531.643  423.037  0.00468696  -0.00102294  0.00122767
533.886  402.292  0.00218669  0.00132991  0.0102798
538.339  407.533  0.00151904  0.000276682  0.00366488
539.726  413.996  0.00149107  -6.54525e-05  0.00178702
210.806  413.481  0.00736831  0.00114132  0.00225576
209.458  417.804  0.00628218  0.000920417  0.00154061
197.646  435.848  0.00179897  0.000275027  0.000524397
106.598  391.543  0.00585298  -0.00293967  0.00511744
105.43  394.257  0.0045726  -0.00183167  0.00316308
106.942  404.456  0.00472279  -0.000766803  0.00124671
220.941  417.443  0.00194061  0.000149976  0.000841348
236.534  407.201  0.00142139  0.000662339  0.000577084
241.088  404.542  0.000442692  0.000320553  0.00131006
245.434  407.6  0.000322614  0.000210209  0.00106218
225.485  406.854  0.00325221  -0.000556445  0.00410374
220.319  416.024  0.00139319  -0.000254348  0.00164915
269.268  397.531  0.00117243  -0.000305472  0.00210083
268.111  426.865  0.00107728  2.6994e-06  0.000332027
236.434  409.937  0.00471433  0.000966624  0.000799166
249.59  420.929  0.000973058  0.000153381  0.000417309
229.56  410.26  0.0016683  0.000597272  0.00234834
228.373  418.326  0.00161894  0.000428841  0.00117524
234.658  414.409  0.00104465  0.000374174  0.00147176
246.952  420.305  0.000481171  0.000193577  0.000833317
540.472  392.845  0.00222787  -0.000284832  0.00115211
383.199  377.158  0.00588228  0.00272462  0.00485576
507.157  428.092  0.000556117  4.11478e-06  0.00092603
376.21  370.231  0.00188024  0.000691256  0.00142433
371.269  366.772  0.00127319  0.000426162  0.000892099
370.519  382.599  0.00206437  0.0020674  0.00382311
238.761  330.287  0.000728476  -1.19529e-05  0.000439833
292.012  410.444  0.00403562  -0.000638725  0.00127284
299.234  411.19  0.00190357  -0.000507743  0.00103613
348.218  337.788  0.000474701  9.74769e-05  0.00231875
344.345  337.389  0.000801928  0.000136164  0.00211063
377.401  351.404  0.0049537  -0.000221482  0.00446034
344.173  358.965  0.00159278  -0.000178861  0.00766172
385.161  381.491  0.00473045  -0.000939403  0.000870617
345.32  365.014  0.00202771  0.000738292  0.00266221
375.548  401.169  0.00118469  6.71991e-05  0.00062571
375.395  359.807  0.00131951  0.000239701  0.0054966
375.507  370.766  0.00123831  0.000116907  0.00149927
383.744  384.972  0.000669287  5.5933e-05  0.000564696
339.465  363.699  0.00701367  0.00222681  0.00425844
306.746  408.613  0.000537471  0.000204199  0.000404624
374.885  368.346  0.00623922  0.0004608  0.00205638
384.805  384.947  0.00196933  7.80605e-05  0.000490077
392.024  311.134  0.00097213  8.23404e-05  0.000602866
394.607  301.057  0.000853337  6.76194e-05  0.00037137
379.803  337.45  0.00177723  -9.44196e-05  0.00750441
374.6  371.593  0.000891683  0.000258202  0.00172345
381.151  396.695  0.000474637  -0.000117063  0.000447392
393.116  294.931  0.00099305  -2.68085e-05  0.000401629
371.649  333.359  0.00912  0.00174175  0.00286672
430.916  362.25  0.0011362  -0.000531732  0.00103748
424.455  341.356  0.000909199  0.000430703  0.00539435
461.172  364.227  0.000597005  3.75953e-05  0.000804261
567.165  365.557  0.00301509  0.00189944  0.00384197
553.842  366.704  0.000831565  0.000445212  0.00175283
244.425  317.106  0.00127126  -0.00106792  0.00284619
477.54  368.258  0.000562496  -0.000141089  0.000655626
488.652  376.477  0.000949249  -0.000267808  0.000477942
353.8  352.468  0.000422173  -0.00016108  0.00223397
414.003  315.146  0.000462395  0.000473969  0.00323287
392.555  313.783  0.00132208  6.95702e-05  0.00189518
382.844  309.922  0.00313737  -0.00040033  0.0012655
393.818  300.127  0.000969087  -6.74585e-05  0.000712107
384.143  314.283  0.00430812  -0.0007729  0.00195683
388.938  313.046  0.00229706  -0.000284136  0.00176752
340.874  337.482  0.000988197  -2.10488e-05  0.00324208
336.871  346.286  0.0014317  -0.000219847  0.00462158
327.187  352.936  0.000695499  5.41893e-06  0.00198636
320.208  339.227  0.000862257  0.000955079  0.00210544
393.763  341.088  0.00240915  0.000673833  0.00179444
560.397  333.675  0.00387468  0.00275711  0.00824083
540.308  330.173  0.000681565  0.00070488  0.00208514
434.543  361.725  0.00237102  -0.000610013  0.000804068
433.85  351.094  0.00225268  -0.000873429  0.00167384
433.496  341.616  0.00241554  -0.0019605  0.00496528
248.392  320.047  0.00368471  0.00213354  0.00787897
229.032  265.399  0.000620983  -2.41944e-05  0.000359263
486.647  311.127  0.00389646  -0.00114528  0.00621211
481.511  314.676  0.00188929  -0.000533142  0.0123386
373.581  310.25  0.00601549  -0.00113421  0.00255716
465.31  288.131  0.0124414  -0.00245442  0.00218948
555.955  314.725  0.00144254  -0.000834219  0.0020455
531.733  311.335  0.0032505  -0.0011435  0.0016126
514.105  314.197  0.000739176  -0.000386744  0.000843243
516.709  299.893  0.000881796  -0.000960626  0.00302194
524.28  306.72  0.00110452  -0.000675495  0.00183433
532.487  314.591  0.0017514  -0.000602222  0.00117539
544.484  319.853  0.00701088  -0.00145826  0.00118442
521.98  308.418  0.00127598  -0.000400942  0.0012743
529.067  309.992  0.00238463  -0.00065366  0.00124928
316.839  319.145  0.00175992  0.00118627  0.00777993
376.778  305.179  0.000847895  0.000463743  0.00252627
388.041  310.06  0.00137125  -8.82108e-05  0.001307
371.827  316.039  0.000506431  0.000151262  0.00109213
400.729  311.285  0.00512776  -0.00139345  0.00136171
379.362  322.732  0.000604211  -1.38317e-05  0.000658894
442.547  277.529  0.00153641  0.000334605  0.00936952
435.007  276.213  0.000883966  0.000191715  0.00515922
438.66  276.035  0.00117341  -0.000585758  0.00267197
484.525  244.785  0.00192713  0.0022736  0.00525163
101.401  272.345  0.00542044  -0.00160085  0.00136217
105.2  267.591  0.00275792  -0.000481647  0.000991744
99.8968  251.035  0.00411433  0.00179857  0.00373806
104.822  253.004  0.00248188  0.000816347  0.00201389
261.753  248.256  0.00887349  -0.00369075  0.00309933
265.252  244.193  0.00465626  -0.00176374  0.00143655
510.274  224.225  0.00151953  -0.000700228  0.00109031
517.446  235.359  0.0012187  0.000221573  0.00130013
506.556  218.383  0.000762812  -7.04372e-05  0.000422397
503.556  229.719  0.000594652  9.4012e-05  0.00060799
50.8624  232.767  0.00182935  -0.000104918  0.0086146
41.031  225.307  0.00581126  -0.000547681  0.0027408
542.874  241.053  0.00072669  0.000153728  0.00102807
540.589  248.384  0.000939618  0.000103317  0.00330164
535.89  243.092  0.00264821  -9.27387e-05  0.00845242
529.335  244.656  0.00254605  -0.0009999  0.00783148
516.558  253.001  0.000627473  -0.000171882  0.00269697
502.637  254.946  0.000319076  1.19745e-05  0.00239386
499.98  196.955  0.00071616  -0.000189227  0.000577877
494.718  192.667  0.000575166  -0.000152278  0.000460879
526.463  219.357  0.00182445  2.54342e-05  0.00145759
544.184  251.274  0.00125551  0.000881243  0.00478956
140.591  255.879  0.00325535  -0.00131541  0.00114476
145.25  246.031  0.00139372  -0.000292118  0.000869662
151.366  247.645  0.000966259  -0.000168823  0.000650126
142.445  222.953  0.00215526  0.00242282  0.00537018
157.359  247.848  0.000698666  -8.21435e-05  0.000525992
525.799  221.854  0.00399003  -0.0007761  0.00209992
490.864  275.176  0.000602486  -1.88625e-05  0.000477995
509.069  222.325  0.00151679  -0.000591265  0.00177963
477.491  211.973  0.000367052  -0.000109287  0.000527865
506.235  222.861  0.000715653  0.000121518  0.00122152
490.297  205.65  0.000402578  -2.63784e-05  0.000384268
493.55  281.112  0.000617614  -0.00017745  0.00049746
503.143  271.227  0.00136113  -0.000907175  0.00117333
470.436  213.87  0.0071471  0.000381595  0.00175169
441.795  210.801  0.00079412  0.00011977  0.000235761
488.363  244.686  0.00364635  -0.00242817  0.00350791
482.739  252.617  0.00135434  -0.000410192  0.00140216
484.351  269.622  0.000603025  -0.000177576  0.000625342
513.628  242.854  0.00652844  -0.00515045  0.00771331
141.184  258.886  0.00236488  -0.00150185  0.00160116
164.142  243.571  0.000391968  2.93031e-06  0.000553259
139.623  180.591  0.00104729  0.000325536  0.000797981
124.763  181.889  0.00328515  -6.30478e-05  0.000578392
46.569  231.227  0.00285843  -0.000222115  0.00172585
65.8436  227.468  0.000601238  2.11053e-05  0.00232275
352.832  221.786  0.00300636  -0.00377513  0.011976
360.171  228.453  0.00347736  -0.00348473  0.00629856
443.133  211.02  0.00306424  0.00241039  0.00382897
554.651  222.423  0.00277701  0.00128328  0.00540844
561.227  230.725  0.00307552  -0.000258678  0.00161352
551.592  217.527  0.0059701  -0.00124746  0.00383721
558.317  223.06  0.00295025  -0.00062695  0.00184997
529.941  202.871  0.00130715  0.000837822  0.00228458
520.925  204.129  0.000852262  0.000646363  0.00165896
514.099  192.322  0.000537527  0.000148808  0.000608221
505.442  182.938  0.000389034  4.64503e-05  0.000336539
542.086  183.862  0.00433327  -0.000979351  0.00241848
514.576  170.169  0.000608168  -8.60379e-05  0.000566221
504.6  174.839  0.000364734  1.01523e-05  0.000611974
40.0566  231.121  0.00319912  -0.000441567  0.000625393
62.943  215.967  0.000603376  0.000191854  0.00053523
500.547  189.525  0.00219387  0.00208422  0.00341689
508.282  193.154  0.00106091  0.000744447  0.00138957
512.979  203.503  0.000675579  0.000204616  0.000616115
523.155  212  0.000443695  5.83085e-05  0.00032876
91.8809  190.582  0.00277853  0.000701473  0.00309904
95.2724  194.232  0.00197022  0.00123946  0.0125138
92.4037  185.149  0.00184796  -0.000133991  0.00271511
84.0358  177.078  0.00364016  -0.000835114  0.00137369
83.8044  169.652  0.00288832  -0.000691582  0.000888487
459.284  224.089  0.00108327  0.00107604  0.00192308
486.982  208.98  0.00233673  -0.000584324  0.00242439
492.399  206.44  0.00470057  -0.0026769  0.00398603
489.235  215.701  0.0016375  -0.000590954  0.00159125
471.304  231.847  0.000529957  0.0001897  0.000741022
517.156  158.991  0.000747697  0.000213155  0.000714913
517.865  151.063  0.000548937  0.000139511  0.000520856
41.9867  174.514  0.00376427  0.00192861  0.00388799
57.4274  157.159  0.0011328  0.000794033  0.00151981
54.9613  148.594  0.00093633  0.00034106  0.000740083
58.2309  205.068  0.00129442  0.00130532  0.00310819
127.499  173.689  0.000552707  0.000133532  0.00136339
133.219  170.605  0.000415556  0.000115943  0.0011359
113.866  164.975  0.00118532  -3.02775e-05  0.000666618
546.245  197.225  0.00447435  -0.000587498  0.00202534
521.346  209.191  0.000797305  0.000619031  0.00162944
58.3694  159.408  0.000749521  0.000556487  0.00287815
55.0911  147.906  0.000733463  0.00013024  0.000958304
77.1459  222.615  0.000642136  0.000272175  0.00245516
566.853  188.222  0.00320688  -0.000723522  0.00609797
564.819  190.152  0.00229999  -0.000484614  0.00464959
445.152  199.683  0.00522632  0.00059526  0.000934899
442.345  222.452  0.00271648  0.000143892  0.000338265
535.204  152.965  0.00333789  -5.81895e-05  0.0011576
533.196  147.908  0.00287565  -0.00015506  0.000798097
531.741  140.038  0.00281004  -0.000278975  0.000537935
535.622  164.654  0.00328651  0.00113058  0.0033948
528.299  163.471  0.00173038  0.000699865  0.00198597
537.141  163.893  0.00565618  -0.00052373  0.00420581
535.322  159.67  0.00532497  -0.00121296  0.00277157
131.814  184.225  0.00345096  -0.000821257  0.000699164
135.1  177.988  0.00197933  -0.000354146  0.000697804
131.136  157.995  0.00197406  0.000537151  0.00295652
90.2451  131.725  0.000509274  -0.00019978  0.00101568
81.9656  116.662  0.000715583  -0.00013658  0.00045865
46.1639  134.162  0.0015674  -0.000314013  0.00222807
564.779  157.463  0.00480738  -0.000617218  0.00232322
540.576  110.129  0.00114036  0.000209341  0.000386018
487.472  165.382  0.0018005  -0.000282911  0.00186462
478.832  160.72  0.00283779  0.000551456  0.00338285
472.247  185.115  0.00105412  -7.92813e-07  0.000571846
472.628  194.042  0.000968876  -4.45526e-05  0.000379674
475.818  161.394  0.00166016  0.00110609  0.00341636
478.209  177.004  0.00202907  0.000411705  0.000809568
556.182  156.305  0.0034609  -0.00111574  0.00225199
166.455  130.428  0.00121902  -0.000797874  0.00409868
50.058  158.494  0.003646  -0.000173016  0.000599199
50.9905  148.113  0.00297612  -7.82233e-05  0.00114238
95.6434  147.495  0.000917126  -0.000588125  0.00113405
54.8451  143.775  0.00521167  -0.00252264  0.0057187
516.876  138.18  0.00290156  -0.000953597  0.00152307
49.8311  109.955  0.00143071  0.000339541  0.00556092
39.3182  86.7576  0.00287087  -0.000338932  0.000656972
45.8723  109.343  0.00430347  0.000112436  0.00474339
41.7547  111.311  0.00252051  0.000389938  0.00613303
469.748  119.694  0.00493051  -0.000985852  0.00179237
469.708  109.359  0.00366419  -0.000741548  0.00574287
474.574  106.755  0.00195852  -0.000408912  0.00929417
481.023  106.605  0.00111807  -0.000242089  0.0095959
489.327  111.033  0.000682407  -0.000144719  0.00434975
497.689  114.236  0.000452766  -9.59376e-05  0.00284584
133.203  101.353  0.00420442  0.00114532  0.00327135
162.729  110.096  0.000655109  -0.000186135  0.000631105
145.395  87.1616  0.00295282  0.00180135  0.00196559
158.287  95.5524  0.000822423  0.00019862  0.000648367
190.084  104.956  0.00367589  0.00112468  0.00302153
183.652  101.265  0.00425361  -0.00200561  0.00355167
180.797  103.187  0.00763315  -0.00506203  0.00613082
185.554  95.7608  0.0023228  -0.000686179  0.00200734
230.961  81.5299  0.0041142  -0.00184631  0.00230816
235.624  88.1797  0.0056108  -0.00105183  0.00198094
240.152  95.4894  0.012594  0.000860258  0.00188271
236.073  95.7288  0.00610945  2.6634e-05  0.00122426
225.021  90.6322  0.00199522  -0.000420477  0.000741393
41.7011  88.3343  0.0101761  -0.000454881  0.0024602
38.6657  95.729  0.00581222  0.00357354  0.00455865
173.818  67.8998  0.00363333  -0.00301544  0.00883096
265.425  74.1705  0.00195456  0.000657077  0.00165012
268.644  65.603  0.00304169  0.00225056  0.00803488
262.342  65.9955  0.00190274  0.00144721  0.0050708
317.986  95.6388  0.00464711  -9.94102e-05  0.00149218
322.615  115.951  0.0017746  -0.000282571  0.000606514
314.799  134.298  0.00105045  0.000120933  0.000315789
327.103  125.603  0.00135926  -0.000356006  0.000485498
318.641  143.467  0.000769636  1.47265e-05  0.000242451
217.053  76.0272  0.00555004  0.00187878  0.00299346
219.49  82.7923  0.00273456  0.000482785  0.00162722
247.335  54.6708  0.00509333  0.00247983  0.00511472
218.55  83.1096  0.00478963  7.41698e-06  0.00159098
207.517  71.7611  0.000907247  -0.000838264  0.00326723
213.892  78.987  0.000823156  -0.000677484  0.00183155
223.531  89.7672  0.00071694  -0.000549953  0.00104829
163.74  40.8753  0.0013965  -0.00117002  0.00697184
161.588  39.0302  0.00180372  0.000488276  0.00168994
164.156  43.9021  0.00122116  0.000167317  0.00121954
170.827  31.0228  0.0021218  -0.00164607  0.00388786
151.993  53.1988  0.000363152  0.000104706  0.000798231
265.801  615.734  0.00252932  0.000724531  0.00244085
260.984  616.211  0.00157975  0.000503845  0.00234825
390.45  614.065  0.0038945  -0.00104068  0.00170792
402.404  610.011  0.00113396  2.41886e-06  0.00130327
258.707  558.053  0.0027571  0.000123792  0.000501856
281.055  539.433  0.000527854  3.29834e-05  0.000243265
211.883  564.701  0.000194936  2.55366e-05  0.000607063
446.559  555.26  0.000835135  0.000254895  0.000662956
429.98  555.142  0.000411915  -3.5872e-05  0.000691478
420.854  566.861  0.00052147  -0.000463187  0.0018177
142.043  603.326  0.00366383  0.00111536  0.00130226
137.708  601.423  0.00212511  0.000464059  0.000991746
249.253  585.552  0.00182409  -0.00095742  0.00151273
236.932  575.431  0.00490402  -0.000599397  0.00133126
210.504  523.523  0.000854031  -0.00013416  0.00023242
415.76  599.427  0.000786266  0.000727415  0.00194151
421.02  594.825  0.000616773  0.000604031  0.00158259
180.392  564.124  0.00194421  0.0012876  0.00344188
329.619  559.972  0.00103229  0.00111716  0.00450768
325.586  555.816  0.000575967  0.000447687  0.00275185
293.86  546.981  0.000231034  -0.000242929  0.00167344
314.749  531.437  0.000119628  3.74606e-05  0.000646412
307.051  592.456  0.00116932  -0.000899422  0.0026731
464.825  518.146  0.00038368  0.00015048  0.000385136
336.711  536.765  0.00168246  0.000856621  0.00194028
316.121  533.121  0.000434415  0.000301741  0.00104096
307.111  540.907  0.000354973  0.000371849  0.00169039
318.163  505.558  0.000301956  0.000145527  0.000293172
299.93  529.723  0.000226601  0.000180949  0.000700872
324.151  540.501  0.000871699  0.000539967  0.000612911
297.894  582.674  0.00271362  0.00099368  0.00161545
306.863  579.242  0.00133784  0.000737877  0.0016473
240.504  561.202  0.000454812  -0.000314727  0.0028948
247.457  573.345  0.000665654  -8.64131e-06  0.00105046
261.065  583.142  0.0021319  0.00034915  0.000707873
254.439  595.983  0.00146009  0.000253544  0.000383161
268.655  519.148  0.00212459  0.000255798  0.000976582
437.568  500.629  0.000848098  -0.000265421  0.000776564
544.026  518.838  0.00103417  -5.64257e-05  0.00154029
485.866  484.745  0.000807494  0.000752353  0.00140172
443.154  510.577  0.00121277  0.00073742  0.00304387
210.948  465.703  0.00255648  -0.000534372  0.000480024
192.625  443.406  0.00078408  -0.000174634  0.000217615
194.674  461.722  0.000726137  -0.000190962  0.000393117
172.576  453.046  0.000280884  -9.7503e-05  0.000306961
206.611  463.09  0.000426  2.56283e-05  0.000376674
189.548  465.357  0.000229222  -2.78214e-05  0.000459458
229.866  495.334  0.00144708  -0.000126156  0.00244626
502.405  483.978  0.00102057  0.000967034  0.00277815
510.731  471.067  0.000479671  0.000401582  0.00123132
500.973  474.658  0.00217888  -0.0005417  0.0010938
492.877  480.085  0.000983188  -6.62497e-05  0.00117557
211.532  494.915  0.00183721  -0.00138977  0.00449756
513.026  450.387  0.000339693  6.96236e-05  0.000934173
464.18  422.398  0.000552155  -0.000169063  0.000268048
486.611  473.077  0.0021408  0.000152015  0.000584873
494.585  460.661  0.00124274  0.000453109  0.000895083
473.745  505.129  0.000334633  0.000168078  0.000711442
487.6  523.513  0.000352046  -2.32376e-05  0.000276799
309.996  474.669  0.000296549  0.000175358  0.00121667
310.402  440.325  0.000536477  6.0491e-05  0.0002025
313.529  401.226  0.00039295  9.66328e-05  0.000356543
321.19  387.227  0.000311619  7.03015e-05  0.000220142
329.829  414.581  0.000563844  5.40764e-05  0.00054885
326.499  408.547  0.000446936  4.48653e-05  0.0004193
199.559  449.355  0.000519518  -4.5264e-05  0.00064539
201.95  462.693  0.000690468  0.000116764  0.000407964
211.543  470.428  0.00159794  0.000456847  0.00046969
307.763  410.216  0.000954026  -4.41011e-05  0.000934501
346.791  399.582  0.000181555  -3.70794e-05  0.000390052
341.847  384.078  0.000216376  -1.1259e-05  0.000221244
346.014  416.984  0.000189621  -0.000124822  0.00104428
338.562  411.852  0.00113258  -0.000320354  0.00120848
331.993  421.137  0.00148283  -0.00168114  0.00417696
361.512  416.771  0.00543092  -0.000703451  0.000833132
351.488  416.606  0.00180208  -0.000583294  0.00109376
339.495  444.685  0.00195919  0.000116858  0.000313365
488.69  436.578  0.00227046  0.000235213  0.00146578
475.077  487.851  0.000505745  -8.31849e-06  0.00017125
358.701  344.97  0.000795564  -0.000112522  0.000221461
357.887  427.477  0.00477744  -0.00200703  0.00174893
489.37  388.328  0.000711027  0.000380747  0.00132679
479.479  376.538  0.00152372  0.000622107  0.000909204
461.911  388.312  0.00705879  -0.000655063  0.000934258
218.108  417.503  0.00116328  0.000210994  0.00108706
295.67  421.892  0.00247131  0.000268373  0.00062888
322.352  446.062  0.000363683  4.9969e-05  0.000203253
314.893  416.931  0.000337272  0.00012174  0.000741483
215.554  433.054  0.00073121  6.00638e-05  0.000223046
216.475  429.134  0.000950636  -5.71321e-05  0.000247788
247.207  408.441  0.00596469  -0.000710107  0.000779624
271.374  433.886  0.000729084  -9.92781e-05  0.000252088
227.06  387.161  0.00033745  -0.000243455  0.00109041
226.194  388.636  0.00047294  -0.000241125  0.00124891
218.531  438.034  0.000565121  8.76807e-05  0.00020338
231.786  406.387  0.000907907  -0.000780874  0.00254998
229.051  399.208  0.000658863  -0.000400178  0.00139459
374.006  368.495  0.000793217  0.000655875  0.00234618
378.991  403.045  0.000370891  -3.1212e-05  0.000308096
365.939  397.848  0.000245172  -1.75737e-05  0.000223789
388.104  339.483  0.00125853  0.00130444  0.00453165
459.762  312.035  0.00053812  0.000324318  0.00248314
493.801  343.535  0.00260223  -0.000432849  0.00219297
449.49  361.68  0.000204839  0.000118446  0.000908772
367.613  258.455  0.000300563  -0.000279126  0.000803507
370.14  328.437  0.000450181  8.06815e-05  0.00055511
422.388  288.136  0.00408927  -0.000102308  0.00132277
436.044  278.684  0.00114612  0.00052051  0.00197072
427.241  277.519  0.00285741  0.000855338  0.00130287
432.527  279.081  0.00183133  0.000550397  0.000837275
424.086  291.957  0.00141053  -0.00083156  0.00188286
418.491  296.424  0.000765914  -0.000336699  0.001273
454.043  274.775  0.00219463  -0.00131177  0.00179629
484.121  244.585  0.00188923  0.001276  0.00272717
412.022  249.74  0.00263374  0.0021976  0.00352158
467.062  247.95  0.000800428  0.000178238  0.0022004
474.064  263.781  0.000565348  -0.000176058  0.000765221
459.506  294.611  0.000160963  -3.72982e-05  0.000251387
530.887  224.296  0.000610653  9.21682e-06  0.000561143
450.338  216.007  0.00129571  -0.00047039  0.0015601
455.634  207.44  0.000793383  -1.21201e-05  0.000890044
551.77  131.563  0.000925562  0.000347905  0.000526516
96.6604  194.431  0.00164676  -5.07838e-05  0.00050214
89.734  194.644  0.00100778  3.52121e-05  0.000404373
75.2384  193.622  0.000491305  6.55314e-05  0.000267962
50.8512  184.592  0.000962418  -0.000242865  0.00101178
54.7627  167.327  0.000659692  -0.000124293  0.00038211
57.0035  159.71  0.000555337  -9.88106e-05  0.000278688
50.2458  199.687  0.00194827  -0.000495007  0.00084352
91.318  227.4  0.000268301  -0.000142241  0.000369644
50.8905  132.957  0.00258121  -0.0001295  0.000614165
91.7401  130.224  0.000258041  -8.68019e-05  0.000302673
99.2199  125.675  0.000203129  -6.74554e-05  0.000235406
46.0778  189.412  0.00254435  -0.000546198  0.00158902
46.1404  152.205  0.00153223  -0.000233018  0.000246802
183.044  130.782  0.00182066  0.001386  0.00347121
174.984  127.587  0.0011683  0.00013846  0.00203567
170.079  130.57  0.00155658  -0.000371245  0.0025703
163.901  131.507  0.00225516  -0.00151866  0.00347335
159.627  127.57  0.0020353  -0.00165742  0.00306149
160.163  116.674  0.000826377  -0.000525777  0.00128062
178.87  104.122  0.000344704  5.42411e-05  0.00060404
40.8821  137.594  0.000969317  0.000255279  0.00348677
49.0783  167.963  0.00284851  9.75897e-05  0.000370511
50.9861  177.43  0.00223976  7.33156e-05  0.000253641
51.5753  108.01  0.0011614  0.000323368  0.00425288
47.2792  101.365  0.00156918  8.10074e-05  0.00185003
51.9629  119.535  0.00364369  0.00154582  0.00168371
58.8354  119.939  0.00201129  0.00091  0.000994562
68.4799  111.842  0.00140836  0.000868536  0.000962208
485.153  110.597  0.0011004  -0.000965625  0.0055883
492.493  114.116  0.000716753  -0.000665143  0.00387669
81.4859  155.538  0.0016344  0.000686991  0.000599
98.6807  140.883  0.00266819  -3.46893e-05  0.000496909
65.3499  91.4454  0.00232759  -0.00110401  0.0017599
79.3987  55.9628  0.00135208  0.000361951  0.000596496
369.919  479.087  0.000667829  0.000216937  0.000177091
477.108  507.759  0.000148314  1.065e-05  0.000273105
447.313  480.377  0.000324096  -4.51001e-05  0.000118242
459.342  530.041  0.00139228  -0.000919159  0.00169323
480.428  521.311  0.000570199  1.568e-05  0.000631298
440.455  487.429  0.000143074  2.82064e-06  0.00014734
435.718  532.981  0.00032046  -0.000195575  0.00124176
421.403  451.69  0.000399593  8.00893e-05  9.90935e-05
408.991  459.46  0.000265464  7.23649e-05  9.96239e-05
392.548  478.556  0.00018793  8.15625e-05  0.000124029
453.493  505.041  0.000207418  0.000107129  0.00171975
476.649  521.771  0.000466698  -2.91456e-06  0.000499665
446.639  527.908  0.000155083  1.67907e-05  0.000411348
235.348  436.865  0.000931674  0.000138781  0.000157817
217.347  412.823  0.00030017  2.86545e-05  9.31817e-05
185.399  477.482  0.000402926  -0.000529372  0.00162
417.189  477.416  0.000328949  5.35112e-05  0.000926257
415.284  488.562  0.000315197  0.000105727  0.00240867
382.18  464.679  0.000109892  2.19271e-05  0.000422587
300.421  521.684  0.00100796  -0.000239613  0.000552357
317.13  540.723  0.000431178  -0.000125008  0.000302454
317.101  517.054  0.000500026  -0.00038211  0.00104792
519.574  457.671  0.000307036  0.000106434  0.000416045
487.617  437.067  0.00218345  0.000164278  0.000411502
491.608  434.314  0.00151343  0.000119754  0.000367397
462.037  417.556  0.000660377  -0.000246856  0.000192432
307.064  483.177  0.00029498  7.43033e-05  0.000867504
303.553  514.226  0.000266718  5.67526e-05  0.000219656
313.35  525.59  0.000178602  3.81517e-05  0.000155123
464.118  435.098  0.000502847  -0.00017759  0.000425438
439.555  393.367  0.000351484  -0.000134948  0.000151453
476.433  479.059  0.00056434  0.000368324  0.00161918
469.219  490.505  0.000333041  0.0001692  0.000832174
464.94  495.997  0.00026641  0.000130828  0.000654105
290.984  485.23  0.00172457  -7.59187e-05  0.000769417
300.825  512.088  0.0008857  -4.21039e-05  0.000227371
305.564  469.812  0.000583166  2.056e-05  0.00275144
310.943  531.596  0.00051963  -2.48028e-05  0.000127955
311.245  502.548  0.000474267  -1.88898e-05  0.000318738
261.801  497.375  0.00243347  0.000481837  0.000504591
283.193  527.171  0.000385092  7.77055e-05  0.000158655
295.685  489.957  0.000309345  7.09613e-05  0.000589766
337.222  399.817  0.000165906  4.33104e-05  0.000293583
370.077  349.93  0.000798916  0.000170851  0.000168565
359.61  347.419  0.000439169  8.20726e-05  0.00014569
344.174  330.937  0.000207867  3.17779e-05  0.000100603
456.284  399.643  0.00023103  0.000236841  0.000676732
424.301  385.596  0.000807266  0.000263337  0.000284192
431.886  372.396  0.000623312  0.000199083  0.000203777
319.015  411.93  0.000214728  -0.00016055  0.00102767
309.766  404.858  0.000157356  -0.000112499  0.000728612
324.677  377.804  0.000431093  3.94895e-06  0.000196351
341.429  398.547  0.000163608  -3.99294e-05  0.000368486
306.633  383.92  0.000667702  9.56324e-05  0.000302333
337.726  385.489  0.000189571  -5.03301e-06  0.000235379
313.524  379.158  0.000490548  6.61706e-05  0.000241116
219.477  394.873  0.000911458  4.00029e-05  0.000908342
224.409  395.188  0.000391925  2.23716e-05  0.000913052
548.329  277.103  0.00117053  -5.98193e-05  0.000140417
523.937  287.11  0.000304678  -1.29153e-07  0.000166188
365.79  391.545  0.000123968  0.000138088  0.000658974
421.601  412.26  9.33644e-05  -6.17567e-05  0.000281427
447.304  218.245  0.000105848  -5.55292e-05  0.000224856
542.485  231.157  0.00175085  0.00113949  0.00148087
538.544  218.701  0.000899818  0.000285434  0.000569378
492.704  220.942  0.000396932  -0.000215404  0.000492028
454.12  234.518  0.000135011  -1.07582e-05  0.000161871
488.228  281.364  0.000883928  -6.6711e-05  0.000310795
501.258  301.183  0.001001  -0.000284424  0.000237552
85.0395  197.594  0.00163172  -6.84917e-05  0.000508028
78.8983  212.205  0.00101812  0.000298972  0.000844602
453.973  214.967  0.000983222  -0.000269069  0.00120581
455.565  234.762  0.000577856  -0.000214064  0.000476052
98.7647  216.214  0.000857939  -0.000684676  0.00105914
168.388  157.382  0.00085369  0.000771111  0.0011028
55.2254  151.31  0.000538333  -0.00013328  0.000206803
51.3918  215.177  0.00136898  -0.000347598  0.000411515
58.0651  196.422  0.000834975  -0.000565332  0.00131688
114.934  144.648  0.000229582  -0.000124984  0.000353857
96.7479  134.265  0.00039508  -0.000107206  0.000300532
480.01  207.179  0.000829097  -0.000156584  0.000133327
50.548  101.401  0.00104651  0.000681956  0.00131771
